[array([[ 0.69333333,  0.52      ,  0.61828283,  0.60666667,  0.2373899 ],
       [ 0.76      ,  0.59      ,  0.68767677,  0.675     ,  0.36801014],
       [ 0.77666667,  0.52      ,  0.66545455,  0.64833333,  0.31565295],
       [ 0.60333333,  0.615     ,  0.60727273,  0.60916667,  0.23338861],
       [ 0.76      ,  0.59      ,  0.68767677,  0.675     ,  0.36801014]]), array([[ 0.70333333,  0.615     ,  0.66565657,  0.65916667,  0.32127666],
       [ 0.84666667,  0.705     ,  0.78555556,  0.77583333,  0.56186438],
       [ 0.87666667,  0.615     ,  0.76313131,  0.74583333,  0.5242662 ],
       [ 0.63666667,  0.705     ,  0.66454545,  0.67083333,  0.36341733],
       [ 0.86      ,  0.68      ,  0.78333333,  0.77      ,  0.559813  ]]), array([[ 0.89      ,  0.515     ,  0.72818182,  0.7025    ,  0.43594169],
       [ 0.74333333,  0.705     ,  0.73      ,  0.72416667,  0.46616301],
       [ 0.76      ,  0.635     ,  0.7079798 ,  0.6975    ,  0.41885728],
       [ 0.69      ,  0.545     ,  0.62939394,  0.6175    ,  0.26012896],
       [ 0.87      ,  0.64      ,  0.76929293,  0.755     ,  0.55686537]]), array([[ 0.49666667,  0.595     ,  0.53979798,  0.54583333,  0.09579816],
       [ 0.45333333,  0.285     ,  0.37747475,  0.36916667, -0.29279972],
       [ 0.22333333,  0.        ,  0.1240404 ,  0.11166667, -0.78622068],
       [ 0.45666667,  0.35      ,  0.40818182,  0.40333333, -0.1995911 ],
       [ 1.        ,  0.        ,  0.56484848,  0.5       ,  0.        ]])]
