[array([[ 0.78666667,  0.595     ,  0.70363636,  0.69083333,  0.40362215],
       [ 0.83666667,  0.705     ,  0.77818182,  0.77083333,  0.57838309],
       [ 0.89333333,  0.64      ,  0.78111111,  0.76666667,  0.56714204],
       [ 0.7       ,  0.5       ,  0.60939394,  0.6       ,  0.1883764 ],
       [ 0.87333333,  0.685     ,  0.79131313,  0.77916667,  0.58433937]]), array([[ 0.89      ,  0.565     ,  0.75131313,  0.7275    ,  0.49306755],
       [ 0.75333333,  0.71      ,  0.73111111,  0.73166667,  0.49032835],
       [ 0.80666667,  0.67      ,  0.74222222,  0.73833333,  0.51109286],
       [ 0.66333333,  0.55      ,  0.61505051,  0.60666667,  0.24387241],
       [ 0.86      ,  0.63      ,  0.75969697,  0.745     ,  0.51313829]]), array([[ 0.77      ,  0.56      ,  0.68454545,  0.665     ,  0.37283181],
       [ 0.76666667,  0.72      ,  0.75111111,  0.74333333,  0.50643673],
       [ 0.9       ,  0.93      ,  0.91252525,  0.915     ,  0.83153143],
       [ 0.65333333,  0.57      ,  0.61919192,  0.61166667,  0.22288496],
       [ 0.93333333,  0.935     ,  0.93343434,  0.93416667,  0.88222403]]), array([[ 0.78      ,  0.565     ,  0.68343434,  0.6725    ,  0.34147523],
       [ 0.77      ,  0.75      ,  0.76292929,  0.76      ,  0.52521121],
       [ 0.98333333,  0.98      ,  0.98181818,  0.98166667,  0.96333333],
       [ 0.65      ,  0.755     ,  0.69787879,  0.7025    ,  0.41591056],
       [ 0.98333333,  1.        ,  0.99      ,  0.99166667,  0.98164966]])]
