[array([[ 0.71      ,  0.565     ,  0.64939394,  0.6375    ,  0.29515362],
       [ 0.75333333,  0.545     ,  0.66343434,  0.64916667,  0.32305043],
       [ 0.77      ,  0.475     ,  0.64343434,  0.6225    ,  0.28376408],
       [ 0.59666667,  0.625     ,  0.60878788,  0.61083333,  0.22500399],
       [ 0.75333333,  0.565     ,  0.67252525,  0.65916667,  0.3415295 ]]), array([[ 0.91      ,  0.58      ,  0.7640404 ,  0.745     ,  0.54539727],
       [ 0.84333333,  0.72      ,  0.78717172,  0.78166667,  0.58116104],
       [ 0.91      ,  0.6       ,  0.77515152,  0.755     ,  0.56352176],
       [ 0.68666667,  0.645     ,  0.66858586,  0.66583333,  0.35114909],
       [ 0.88      ,  0.695     ,  0.79717172,  0.7875    ,  0.59389074]]), array([[ 0.91333333,  0.545     ,  0.75424242,  0.72916667,  0.50287883],
       [ 0.76      ,  0.705     ,  0.73606061,  0.7325    ,  0.47436469],
       [ 0.83      ,  0.7       ,  0.77555556,  0.765     ,  0.56775764],
       [ 0.55333333,  0.62      ,  0.57929293,  0.58666667,  0.17705241],
       [ 0.89666667,  0.64      ,  0.78555556,  0.76833333,  0.56953932]]), array([[ 0.44666667,  0.56      ,  0.49969697,  0.50333333,  0.01717018],
       [ 0.53      ,  0.25      ,  0.40919192,  0.39      , -0.22167845],
       [ 0.34666667,  0.        ,  0.19454545,  0.17333333, -0.68088505],
       [ 0.4       ,  0.455     ,  0.42494949,  0.4275    , -0.16165187],
       [ 1.        ,  0.        ,  0.56484848,  0.5       ,  0.        ]])]
