[array([[ 0.84      ,  0.64      ,  0.75131313,  0.74      ,  0.51034952],
       [ 0.84333333,  0.685     ,  0.77444444,  0.76416667,  0.55476597],
       [ 0.93      ,  0.64      ,  0.80262626,  0.785     ,  0.62447853],
       [ 0.64333333,  0.6       ,  0.62414141,  0.62166667,  0.25642118],
       [ 0.87333333,  0.645     ,  0.77333333,  0.75916667,  0.5493794 ]]), array([[ 0.93333333,  0.57      ,  0.77535354,  0.75166667,  0.56147441],
       [ 0.75      ,  0.675     ,  0.72      ,  0.7125    ,  0.42879161],
       [ 0.87666667,  0.68      ,  0.79353535,  0.77833333,  0.59374818],
       [ 0.68333333,  0.565     ,  0.63434343,  0.62416667,  0.2626941 ],
       [ 0.87333333,  0.605     ,  0.76131313,  0.73916667,  0.53744853]]), array([[ 0.96666667,  0.915     ,  0.94363636,  0.94083333,  0.89155657],
       [ 1.        ,  1.        ,  1.        ,  1.        ,  1.        ],
       [ 1.        ,  1.        ,  1.        ,  1.        ,  1.        ],
       [ 0.68333333,  0.62      ,  0.65525253,  0.65166667,  0.30863882],
       [ 1.        ,  1.        ,  1.        ,  1.        ,  1.        ]]), array([[ 0.98333333,  0.795     ,  0.90121212,  0.88916667,  0.81608672],
       [ 1.        ,  0.98      ,  0.99090909,  0.99      ,  0.98280787],
       [ 1.        ,  1.        ,  1.        ,  1.        ,  1.        ],
       [ 0.53      ,  0.71      ,  0.60656566,  0.62      ,  0.2373621 ],
       [ 1.        ,  1.        ,  1.        ,  1.        ,  1.        ]])]
