[array([[0.82666667, 0.64      , 0.7440404 , 0.73333333, 0.48823713],
       [0.84      , 0.7       , 0.77818182, 0.77      , 0.55957382],
       [0.93      , 0.635     , 0.80040404, 0.7825    , 0.60943415],
       [0.70666667, 0.615     , 0.66545455, 0.66083333, 0.33899374],
       [0.91333333, 0.68      , 0.80949495, 0.79666667, 0.6274731 ]]), array([[0.94666667, 0.535     , 0.77171717, 0.74083333, 0.54534985],
       [0.74666667, 0.7       , 0.72727273, 0.72333333, 0.45914228],
       [0.85666667, 0.655     , 0.76969697, 0.75583333, 0.53181518],
       [0.65      , 0.54      , 0.60636364, 0.595     , 0.18304094],
       [0.84      , 0.66      , 0.76131313, 0.75      , 0.52394979]]), array([[0.96333333, 0.95      , 0.95979798, 0.95666667, 0.92369008],
       [1.        , 0.975     , 0.99      , 0.9875    , 0.98017837],
       [1.        , 1.        , 1.        , 1.        , 1.        ],
       [0.70666667, 0.695     , 0.70080808, 0.70083333, 0.40021698],
       [1.        , 1.        , 1.        , 1.        , 1.        ]]), array([[1.        , 0.82      , 0.92141414, 0.91      , 0.8511684 ],
       [1.        , 0.955     , 0.98090909, 0.9775    , 0.96298624],
       [1.        , 1.        , 1.        , 1.        , 1.        ],
       [0.68      , 0.82      , 0.73929293, 0.75      , 0.51911133],
       [1.        , 1.        , 1.        , 1.        , 1.        ]])]
