[array([[0.72      , 0.505     , 0.62323232, 0.6125    , 0.22964804],
       [0.75666667, 0.59      , 0.68656566, 0.67333333, 0.37677922],
       [0.79      , 0.505     , 0.66727273, 0.6475    , 0.31295902],
       [0.62666667, 0.63      , 0.63212121, 0.62833333, 0.29010708],
       [0.75666667, 0.59      , 0.68656566, 0.67333333, 0.37677922]]), array([[0.84333333, 0.57      , 0.72111111, 0.70666667, 0.45217184],
       [0.86666667, 0.67      , 0.77969697, 0.76833333, 0.57046895],
       [0.91666667, 0.61      , 0.78151515, 0.76333333, 0.57914106],
       [0.74666667, 0.61      , 0.68474747, 0.67833333, 0.40867463],
       [0.9       , 0.69      , 0.80878788, 0.795     , 0.63539147]]), array([[0.91666667, 0.535     , 0.74929293, 0.72583333, 0.51266302],
       [0.75333333, 0.695     , 0.73090909, 0.72416667, 0.45981214],
       [0.89333333, 0.615     , 0.77222222, 0.75416667, 0.55558183],
       [0.76333333, 0.585     , 0.68979798, 0.67416667, 0.38039277],
       [0.88      , 0.57      , 0.74494949, 0.725     , 0.49679324]]), array([[ 0.58      ,  0.595     ,  0.58505051,  0.5875    ,  0.18374004],
       [ 0.58333333,  0.21      ,  0.4169697 ,  0.39666667, -0.20858685],
       [ 0.28333333,  0.        ,  0.1610101 ,  0.14166667, -0.73092416],
       [ 0.49666667,  0.36      ,  0.4369697 ,  0.42833333, -0.15252924],
       [ 1.        ,  0.        ,  0.56484848,  0.5       ,  0.        ]])]
